33.7712 -117.4942 6.00 2.00
33.5595 -118.4417 6.00 1.50
34.1433 -117.4748 6.00 2.00
33.9918 -118.1940 6.00 1.00
34.0942 -117.2635 6.00 1.00
34.7745 -118.8143 6.00 2.00
34.1495 -117.5148 6.00 2.00
33.9460 -117.6140 6.00 2.00
33.7702 -118.7972 6.00 2.00
34.0247 -117.3922 21.94 1.50
34.0310 -118.3483 6.00 2.00
33.7370 -118.3810 6.00 1.93
33.7747 -117.5888 6.00 1.92
36.2500 -117.8000 6.00 1.97
34.3540 -118.4845 6.00 1.83
34.0178 -117.9572 6.00 1.68
34.0450 -117.5638 6.00 1.80
34.0902 -117.1827 6.00 1.98
34.0783 -118.0307 6.00 1.26
33.8842 -117.0410 6.00 1.84
34.1323 -117.2428 6.00 1.95
33.8887 -117.9820 6.00 1.42
34.0955 -117.2547 11.42 1.77